0 0 10 1 8 3 45 2 1
0 16 6
0 33 9 3 9 1 35 1 7
0 80 12 2 14
0 90 17 1 1 2 2
0 103 10 2 1
0 104 17 1 12 1 3
0 116 14 1 4 1 4 1 23 2 45 1 18 1 15 1 13 3 40 1 18 1 22 1 9 5 13 3 15 1 10
0 118 7 1 19 1 2 1 17 1 6 1 2 3 26 1 6
0 124 15 1 27 3 5 1 7 1 6
0 130 2
0 131 10 1 6
0 161 13 1 11 1 30
0 166 9 2 2 4 11 3 2 2 46 1 6 1 1 2 7 1 1 1 3 3 19 2 13 1 4 1 10
0 177 28 3 12
0 180 4 1 8 1 13 1 38 3 21
0 197 11 1 36 2 11 1 7 1 9 2 17 1 2 1 5 1 3
0 205 8
0 219 13 1 17 2 1 2 3 1 3 1 5
0 229 4 1 5 1 2
0 235 29 3 8
0 264 2
0 268 13 1 5 1 16
0 269 20 2 2
0 274 3 1 5 1 1
0 277 7 1 5 3 20 1 19
0 290 1
0 296 6 2 7 2 4 1 11 3 1 2 6 1 9
0 310 5 1 4
0 324 6 2 28 1 26 1 6 2 24 1 6 1 18
0 329 7 2 30 1 6
0 330 5 1 27 3 1 2 5 2 5 1 3
0 337 11
0 340 11
0 350 6 2 11 1 18 2 7 1 7 1 2 2 7 3 6
0 354 26 1 9 1 1 1 3 1 14 1 9 1 9
0 359 3 1 65 1 6 2 6 2 10 1 9
0 378 9 1 21
0 382 2
0 387 2 1 52 1 11 1 7 1 1 1 29 1 7 1 14 3 4
0 390 6
0 396 2 3 1 1 3 2 4 1 4 1 6 1 37
0 397 29 2 5
0 402 5 2 7 1 14
0 410 11 2 3 2 6 1 2 1 5 2 43 1 3 2 1 1 18 2 9 1 1 1 3
0 413 2 3 34 1 10 2 27
0 422 2 1 15
0 439 7 1 3
0 445 32 1 6 3 26 7 1 1 2 1 2 1 17 2 6 2 9 1 15 1 11 2 15 2 21
0 453 11 1 23 1 24 2 12 1 1
