0 0 2 2 7 1 16 1 5 1 8
0 2 3 1 13 1 3 1 1 1 47 1 69 1 3 2 25 1 3
0 9 1 2 10 3 24 3 37 1 45 1 12
0 11 53 1 5
0 20 9 1 3
0 22 16 1 22 3 3 1 12 2 1 1 5
0 23 22 1 8 1 13
0 38 3
0 43 44 1 1
0 57 25 1 3 2 3 1 4 1 5 1 6 2 15 2 7 1 1 3 19 1 24
0 64 3 1 5 3 8
0 71 26 4 7 1 21 1 8 1 4 6 2 2 7 1 6 1 7 1 9 3 2 1 3
0 78 1 1 5 3 9 4 2
0 98 13 2 47 1 13 1 6
0 102 2 2 26
0 108 5 2 23
0 114 10 2 8
0 115 13 3 29
0 170 12 1 17
0 172 3
0 196 14 1 17 1 22 1 7 3 3 1 1 1 11 2 3 1 5
0 219 6 1 5 1 13 2 6
0 222 6 2 9
0 225 3 9 1 1 14 2 10 3 5
0 244 14 1 5 2 7
0 256 10 1 13 1 1 3 1
0 258 4 1 12
0 261 12 2 8 1 1
0 263 3 2 3 1 9 1 23 1 4 1 21 1 4 3 3 2 9 5 1
0 270 1 2 6
0 284 4 1 21 1 16
0 285 23 1 6 2 6 2 4 1 24
0 294 10 3 4 3 3 1 36 2 10
0 332 8
0 364 19 1 7 1 4 1 1 1 12 2 1 1 34
0 376 14 1 31
0 378 20
0 387 5 3 6 1 8 2 13 1 18 2 2 1 13
0 390 21 2 20
0 413 9 4 6
0 415 8 2 7
0 434 10 1 1
0 446 3 1 8 2 15 2 7
0 457 22 1 4 1 3 2 3 1 4
0 461 4
0 470 8 2 2
0 527 22
0 536 6 1 4 3 4 2 5 2 4 5 2 1 12 5 3 2 2 1 11 2 1 1 5 1 4 1 21 1 7
0 545 2 6 2
0 560 13 1 14 1 5 2 2
