0 0 3 2 8 1 4 2 3 1 3 3 4 1 7 1 2 2 3 2 7 1 1 2 4 2 1 5 1 1 5 1 1 2 1
0 28 3 1 5 1 2
0 58 1 1 6 1 1 1 2 3 3 1 5 1 4 1 5 1 9 1 7 2 1 1 6
0 61 4 1 5 1 5 2 1 2 1
0 62 4
0 73 6 1 2
0 89 7 1 37 1 5 1 4 2 2 1 6 2 3 1 1 4 1 2 1 1 4
0 91 2 1 4 1 1 1 4 2 2 5 3
0 97 3 3 1 1 2 3 1 1 4 1 8 2 3 1 11 1 13 1 1 1 10
0 132 15 1 4 1 2 1 5 1 7 1 11 1 3
0 138 12 1 4 1 4 1 7 3 6 1 10 4 4
0 160 3 1 2 2 2
0 170 13 1 1 1 11
0 193 4 1 3 2 3 1 3
0 231 1 1 1 1 2
0 233 7 1 12
0 236 6 1 1 2 4 2 8
0 239 1 3 14 1 2 1 4
0 250 1 1 6 1 27 3 7 1 10 2 2 2 2 1 7
0 272 3 1 1
0 281 18 1 4 2 1 2 1 4 1 1 12 3 2 2 1
0 282 2 1 2 1 1
0 283 2 2 2 3 3
0 285 2 1 6 1 2 1 3 4 6 4 5 1 6
0 289 3 1 9 1 1
