0 0 2 1 3
0 2 9 2 1 1 7 1 5 1 13 2 19
0 5 8
0 9 2 1 3 1 5 2 1 3 3 2 6 1 1 3 6 2 4 1 25 2 6 1 1
0 24 4
0 25 2 3 3 2 10 1 4 1 4 1 5 1 4 2 1 1 2 5 2
0 26 1 1 15 1 6
0 32 6 1 10 2 1 1 4 1 5 3 5 1 3 2 5 2 1
0 66 18 2 5 1 1 1 4 2 6 3 1 1 13 1 7 1 8 1 3 1 8
0 79 15 1 17
0 81 16 1 1 1 4 3 1 1 12 1 1 2 3 1 8 2 9 1 5
0 96 15 1 13 2 1 1 7 1 7 1 1 2 2 1 1 1 2 1 3 2 6 1 3 1 8
0 106 5
0 126 7 3 6 5 4 1 1 3 11 2 3 1 14 1 1 3 2 2 1 1 3
0 140 3 2 3 1 3 1 3 2 2 1 7 1 2 1 2
0 144 8 2 2 1 1 3 7
0 147 3 1 1
0 153 4
0 167 8 1 2
0 209 8 1 5
0 255 1 1 7 3 19 1 11
0 261 8 3 1 2 7 1 2 1 10 1 19 1 7
0 284 1 3 1 2 3 1 2 1 7 1 13 1 1 1 5 2 1 1 2 1 1 1 7
0 291 6 2 2 1 4 1 1 2 15 1 4
0 315 1 2 1
