0 0 1 1 12 1 3 3 5
0 42 9 2 7
0 50 5 1 6 3 2 1 2 2 11 1 14 1 6 1 4 1 1
0 53 2 5 6 4 8
0 79 13 1 2 1 7
0 95 4 1 1 1 5
0 103 11 1 6 1 6 2 5 1 2 1 1 1 2 1 1 2 3 1 5 1 2 2 3 1 3
0 110 8 2 6
0 116 3 3 24 2 2 1 4 1 4 1 1 2 3 1 3 1 6 1 7 1 9 2 4 6 4 2 6
0 125 1 1 7
0 134 8 2 5
0 153 2 2 1 3 6 1 2 3 2 1 10 3 17 1 6 1 4 3 1 2 5 2 1 1 6 1 2 3 4 2 1 1 4
0 200 3
0 213 13 1 4
0 214 4 2 3
0 236 3 1 3 1 1
0 238 2 1 3 1 1 2 2 2 6 1 3 2 5 3 2
0 277 1 1 1 1 4 1 7
0 284 1 1 1 2 1 2 11 5 2 1 5 2 5 2 2 1 8 1 2 1 4 1 2 1 1 1 13 1 8 1 2 1 7 2 1 4 7 1 2 4 2
0 287 4 2 2
0 288 2 1 10 1 8
0 311 5 1 2 2 3
0 332 4 1 2 3 10 1 6 1 2 1 1 1 5 2 6 1 3
0 343 1
0 346 6 2 1 1 3 1 2 2 5 1 1 1 13 1 18 2 5 1 2 2 1 1 6
