0 0 12 1 3 1 1 1 6
0 6 1 1 3 3 1 3 3 1 8 1 3 3 7 1 6 1 1
0 72 2 1 2 1 1
0 75 3 2 4 1 5 2 3 1 2 1 2 1 14 1 4 1 2
0 85 1 3 4 1 1 2 2 1 14 1 5
0 91 1 1 4 1 4
0 108 1 1 5
0 117 2 1 1 1 3 4 8 2 17 2 6 1 1 1 7 1 1 4 4
0 138 5 1 9 1 4
0 148 13 1 1 1 5 1 5 1 7 2 5
0 151 3 1 2
0 163 2 1 1 1 2 1 3 1 2 2 3 1 13 1 8 1 6
0 165 3 1 3 1 16
0 171 2
0 172 2 1 6 1 4 1 10 2 3
0 175 2 3 10 1 1 4 3 1 3 2 6 1 4 1 8 1 4 1 6 3 1 1 3
0 192 2 5 1 2 6 2 6
0 200 14 1 8 1 7 1 1 1 1 3 1 4 1 2 1 1 3 2 2
0 209 8 1 3 1 1 1 1 1 3 2 1 3 4 2 9 1 8 2 3
0 218 10 1 8 1 1 1 5 3 2 1 12 1 1
0 235 2 1 4 1 5 2 3 2 4
0 250 16 1 3 2 2 1 1 2 1
0 260 1 2 2 1 3 1 2
0 263 3 1 3 2 23 2 9 1 2 6 4
0 267 7 1 1 1 11 1 1 2 11 1 4 1 8 2 1
