0 0 2 1 1 2 5 3 6 1 11 2 3
0 29 1 1 3 1 1 1 3 1 5 2 2 1 2 1 3 1 2 1 1 1 2 1 1 1 15 1 11 1 3 2 7 1 19 1 5 5 3 1 3 2 1 1 1 1 5 1 12 1 1 2 2 1 3 1 2 2 1 1 2 1 5 2 4 1 1 2 2
0 30 1
0 40 17 1 4
0 55 4 1 3 2 12 1 4 1 8 1 2 1 1
0 58 5 1 1
0 70 1 1 3 1 2
0 100 4 1 9 2 24 2 10
0 113 14
0 140 6 1 3 1 1
0 142 5 2 10 1 7 1 4
0 170 2 2 3 1 2 1 9 2 5 1 2 3 2 1 9 1 3 1 9 3 8
0 178 1 2 10 1 1
0 180 7 1 1 3 2 2 8 4 1 1 8 2 10 1 3 1 7 1 1 1 1
0 181 2 1 6 3 11 1 2 1 4 2 3 2 3
0 196 1 6 1
0 198 2 1 3 1 3 1 2
0 199 1 1 6 2 3 2 6 2 1 2 1 3 1 1 10
0 217 3 1 1 2 3 1 10 6 4 1 1
0 230 5 2 7 3 5 2 5 2 3 4 3 2 3
0 235 2 2 2 1 1 2 1 2 14 1 4 1 5 2 4 1 2 2 3 1 5 1 3 1 12 1 1 2 4
0 248 4 1 4 1 4 1 1 2 1 1 8 1 4 1 2 1 7
0 267 5 2 11 2 1 1 2 4 2 4 9 1 3
0 272 5 1 2 2 5 2 2 2 3 1 1 1 4 1 1 1 4 1 2 5 2 1 4 2 6 1 2 1 11 2 1 1 7 2 5 1 1 3 2 1 5
0 279 1 1 3 3 7 2 7
